Heron_2015_Coral_(Acropora)_site_1_a	77433	0.0	0.002487616575621667	0.003101920679952219	0.0025671568897937033	0.004147393576264991	0.004247306972896139	0.004112108213204549	0.0033111915642531973	0.02107170949684728	0.02092212736783535	0.02100620650170615	0.020636246373228646	0.020674125380010178	0.020379313615782747	0.02127848979160706	0.021804144065697438	0.02629254275615235	0.026423549172334127	0.02610896536894209	0.026383737693977113	0.026457379889305556	0.026404853754675744	0.02642894331256827	0.02682958912095889
Heron_2015_Coral_(Acropora)_site_1_b	77434	0.002487616575621667	0.0	0.0012160727195783421	0.0009013677744665884	0.0023378366636208968	0.002377250557741707	0.002216658181685347	0.0014503568185365067	0.02170702512724237	0.0215576304613269	0.021641522132101236	0.02127156200362374	0.021309441010405265	0.021014629246177842	0.02191380542200215	0.02243945969609253	0.02693062150593681	0.02706162792211859	0.026747044118726554	0.027021816443761577	0.02709545863909002	0.02704293250446021	0.02706702206235273	0.027467667870743347
Heron_2015_Coral_(Acropora)_site_1_c	77435	0.003101920679952219	0.0012160727195783421	0.0	0.0005907697928149699	0.0012295705826060623	0.0011802130343846321	0.0010102414996349626	0.0008025173917772329	0.021847248602142343	0.021697748752847447	0.021781653667898644	0.021411693539421142	0.021449572546202673	0.02115476078197525	0.022053936957799555	0.022579591231889934	0.02707180722468728	0.02720281364086906	0.02688822983747702	0.027163002162512044	0.02723664435784049	0.027184118223210676	0.0272082077811032	0.027608853589493818
Heron_2015_Coral_(Acropora)_site_1_d	77436	0.0025671568897937033	0.0009013677744665884	0.0005907697928149699	0.0	0.0016782365600759032	0.0017523720649842904	0.001591627830722117	0.0007922353204616087	0.021741003163615373	0.021591315310497405	0.021675408229371675	0.02130544810089418	0.021343327107675707	0.02104851534344828	0.02194769151927259	0.022473345793362968	0.026964219477624334	0.02709522589380611	0.026780642090414076	0.0270554144154491	0.027129056610777545	0.02707653047614773	0.02710062003404025	0.02750126584243087
Heron_2016_Coral_(Acropora)_site_1_b	77446	0.004147393576264991	0.0023378366636208968	0.0012295705826060623	0.0016782365600759032	0.0	0.0008785938992696644	0.0007756301425040028	0.0016478823642444218	0.02140610702213957	0.021256616380071897	0.021340512087895877	0.020970551959418375	0.0210084309661999	0.020713619201972476	0.021612795377796784	0.022352139621422795	0.027271288484829927	0.0274022949010117	0.027087711097619666	0.027362483422654692	0.027436125617983136	0.02738359948335332	0.027407689041245846	0.027808334849636462
Heron_2016_Coral_(Acropora)_site_1_c	77447	0.004247306972896139	0.002377250557741707	0.0011802130343846321	0.0017523720649842904	0.0008785938992696644	0.0	0.00019250553551371507	0.0014406456391534918	0.022146251895307008	0.02199676244523021	0.022080656961063313	0.021710696832585814	0.021748575839367342	0.021453764075139915	0.022352940250964223	0.022878594525054606	0.027371784935229067	0.027502791351410847	0.02718820754801881	0.02746297987305383	0.027536622068382276	0.027484095933752464	0.027508185491644986	0.027908831300035603
Heron_2016_Coral_(Acropora)_site_1_d	77448	0.004112108213204549	0.002216658181685347	0.0010102414996349626	0.001591627830722117	0.0007756301425040028	0.00019250553551371507	0.0	0.001279836016666468	0.02201121193051627	0.021861714367792072	0.021945616996272576	0.021575656867795077	0.021613535874576605	0.02131872411034918	0.022217900286173486	0.02274355456026387	0.02723663658738197	0.02736764300356375	0.027053059200171717	0.027327831525206736	0.02740147372053518	0.027348947585905364	0.02737303714379789	0.02777368295218851
Heron_2016_Coral_(Acropora)_site_1_a	77445	0.0033111915642531973	0.0014503568185365067	0.0008025173917772329	0.0007922353204616087	0.0016478823642444218	0.0014406456391534918	0.001279836016666468	0.0	0.02205698104780851	0.02190728975426013	0.021991386113564812	0.021621425985087313	0.02165930499186884	0.021364493227641418	0.022263669403465722	0.022789323677556105	0.027280999496976117	0.027412005913157893	0.027097422109765863	0.02737219443480088	0.02744583663012933	0.027393310495499514	0.027417400053392035	0.027818045861782655
Heron_2015_Coral_(Pocillopora)_site_3_a	77441	0.02107170949684728	0.02170702512724237	0.021847248602142343	0.021741003163615373	0.02140610702213957	0.022146251895307008	0.02201121193051627	0.02205698104780851	0.0	0.002706869461473649	0.004953662722669541	0.003059712487125969	0.00217729306853975	0.0018367846449440558	0.003545310247763486	0.005376105353525641	0.030943787801390822	0.031074794217572595	0.03076021041418056	0.031034982739215587	0.031108624934544027	0.031056098799914222	0.031080188357806737	0.03148083416619736
Heron_2015_Coral_(Pocillopora)_site_3_b	77442	0.02092212736783535	0.0215576304613269	0.021697748752847447	0.021591315310497405	0.021256616380071897	0.02199676244523021	0.021861714367792072	0.02190728975426013	0.002706869461473649	0.0	0.0053390987684885744	0.0037173044261755556	0.0031820720228979997	0.0023828160982580834	0.0038861540056390753	0.004979012552800342	0.029644068411961426	0.0297750748281432	0.029460491024751165	0.029735263349786184	0.02980890554511463	0.02975637941048482	0.02978046896837734	0.030181114776767957
Heron_2015_Coral_(Pocillopora)_site_3_c	77443	0.02100620650170615	0.021641522132101236	0.021781653667898644	0.021675408229371675	0.021340512087895877	0.022080656961063313	0.021945616996272576	0.021991386113564812	0.004953662722669541	0.0053390987684885744	0.0	0.0038010101250585513	0.0038330805554150672	0.003944390041538887	0.004295326678850966	0.00782337205417115	0.030878015802936774	0.031009022219118554	0.03069443841572652	0.030969210740761543	0.031042852936089986	0.03099032680146017	0.031014416359352696	0.03141506216774331
Heron_2015_Coral_(Pocillopora)_site_3_d	77444	0.020636246373228646	0.02127156200362374	0.021411693539421142	0.02130544810089418	0.020970551959418375	0.021710696832585814	0.021575656867795077	0.021621425985087313	0.003059712487125969	0.0037173044261755556	0.0038010101250585513	0.0	0.002494189923708828	0.002915705689734007	0.002680841675372963	0.0064329104486786385	0.030508075550290677	0.030639081966472456	0.030324498163080423	0.030599270488115442	0.03067291268344388	0.03062038654881407	0.030644476106706592	0.031045121915097215
Heron_2016_Coral_(Pocillopora)_site_3_a	77453	0.020674125380010178	0.021309441010405265	0.021449572546202673	0.021343327107675707	0.0210084309661999	0.021748575839367342	0.021613535874576605	0.02165930499186884	0.00217729306853975	0.0031820720228979997	0.0038330805554150672	0.002494189923708828	0.0	0.0013545689628493758	0.0028979085044394865	0.005593584350552099	0.030546044906741163	0.030677051322922935	0.0303624675195309	0.030637239844565928	0.030710882039894367	0.030658355905264556	0.030682445463157085	0.0310830912715477
Heron_2016_Coral_(Pocillopora)_site_3_b	77454	0.020379313615782747	0.021014629246177842	0.02115476078197525	0.02104851534344828	0.020713619201972476	0.021453764075139915	0.02131872411034918	0.021364493227641418	0.0018367846449440558	0.0023828160982580834	0.003944390041538887	0.002915705689734007	0.0013545689628493758	0.0	0.003195351074993904	0.005061960343260552	0.03025122082520599	0.03038222724138777	0.030067643437995735	0.03034241576303076	0.0304160579583592	0.03036353182372939	0.03038762138162191	0.030788267190012535
Heron_2016_Coral_(Pocillopora)_site_3_c	77455	0.02127848979160706	0.02191380542200215	0.022053936957799555	0.02194769151927259	0.021612795377796784	0.022352940250964223	0.022217900286173486	0.022263669403465722	0.003545310247763486	0.0038861540056390753	0.004295326678850966	0.002680841675372963	0.0028979085044394865	0.003195351074993904	0.0	0.006946361702833637	0.031150393717960294	0.03128140013414207	0.03096681633075004	0.03124158865578506	0.031315230851113506	0.03126270471648369	0.03128679427437621	0.03168744008276683
Heron_2016_Coral_(Pocillopora)_site_3_d	77456	0.021804144065697438	0.02243945969609253	0.022579591231889934	0.022473345793362968	0.022352139621422795	0.022878594525054606	0.02274355456026387	0.022789323677556105	0.005376105353525641	0.004979012552800342	0.00782337205417115	0.0064329104486786385	0.005593584350552099	0.005061960343260552	0.006946361702833637	0.0	0.031676122788910854	0.03180712920509263	0.0314925454017006	0.03176731772673562	0.031840959922064066	0.03178843378743425	0.031812523345326776	0.03221316915371739
Heron_2015_Coral_(Montipora)_site_2_a	77437	0.02629254275615235	0.02693062150593681	0.02707180722468728	0.026964219477624334	0.027271288484829927	0.027371784935229067	0.02723663658738197	0.027280999496976117	0.030943787801390822	0.029644068411961426	0.030878015802936774	0.030508075550290677	0.030546044906741163	0.03025122082520599	0.031150393717960294	0.031676122788910854	0.0	0.0009542446011924456	0.0006275445015941427	0.0009035762348883373	0.0010041589500450316	0.0017340135388058705	0.0017580113671185047	0.0026454192004153124
Heron_2015_Coral_(Montipora)_site_2_b	77438	0.026423549172334127	0.02706162792211859	0.02720281364086906	0.02709522589380611	0.0274022949010117	0.027502791351410847	0.02736764300356375	0.027412005913157893	0.031074794217572595	0.0297750748281432	0.031009022219118554	0.030639081966472456	0.030677051322922935	0.03038222724138777	0.03128140013414207	0.03180712920509263	0.0009542446011924456	0.0	0.0004900354721733039	0.00014030528724234535	0.00013222927736137723	0.000911462319462599	0.000935564864188513	0.0019108997925160818
Heron_2015_Coral_(Montipora)_site_2_c	77439	0.02610896536894209	0.026747044118726554	0.02688822983747702	0.026780642090414076	0.027087711097619666	0.02718820754801881	0.027053059200171717	0.027097422109765863	0.03076021041418056	0.029460491024751165	0.03069443841572652	0.030324498163080423	0.0303624675195309	0.030067643437995735	0.03096681633075004	0.0314925454017006	0.0006275445015941427	0.0004900354721733039	0.0	0.00046555039051430857	0.0004809425721085017	0.001207312321253233	0.0012360222859115469	0.002258781735314697
Heron_2015_Coral_(Montipora)_site_2_d	77440	0.026383737693977113	0.027021816443761577	0.027163002162512044	0.0270554144154491	0.027362483422654692	0.02746297987305383	0.027327831525206736	0.02737219443480088	0.031034982739215587	0.029735263349786184	0.030969210740761543	0.030599270488115442	0.030637239844565928	0.03034241576303076	0.03124158865578506	0.03176731772673562	0.0009035762348883373	0.00014030528724234535	0.00046555039051430857	0.0	0.00018547185045337118	0.0008912283290583565	0.0009275967347408445	0.0019542122646303913
Heron_2016_Coral_(Montipora)_site_2_c	77451	0.026457379889305556	0.02709545863909002	0.02723664435784049	0.027129056610777545	0.027436125617983136	0.027536622068382276	0.02740147372053518	0.02744583663012933	0.031108624934544027	0.02980890554511463	0.031042852936089986	0.03067291268344388	0.030710882039894367	0.0304160579583592	0.031315230851113506	0.031840959922064066	0.0010041589500450316	0.00013222927736137723	0.0004809425721085017	0.00018547185045337118	0.0	0.0008568236568054847	0.0008860957671719422	0.0018577534611575114
Heron_2016_Coral_(Montipora)_site_2_b	77450	0.026404853754675744	0.02704293250446021	0.027184118223210676	0.02707653047614773	0.02738359948335332	0.027484095933752464	0.027348947585905364	0.027393310495499514	0.031056098799914222	0.02975637941048482	0.03099032680146017	0.03062038654881407	0.030658355905264556	0.03036353182372939	0.03126270471648369	0.03178843378743425	0.0017340135388058705	0.000911462319462599	0.001207312321253233	0.0008912283290583565	0.0008568236568054847	0.0	9.670946498006961e-05	0.0016372856724162083
Heron_2016_Coral_(Montipora)_site_2_d	77452	0.02642894331256827	0.02706702206235273	0.0272082077811032	0.02710062003404025	0.027407689041245846	0.027508185491644986	0.02737303714379789	0.027417400053392035	0.031080188357806737	0.02978046896837734	0.031014416359352696	0.030644476106706592	0.030682445463157085	0.03038762138162191	0.03128679427437621	0.031812523345326776	0.0017580113671185047	0.000935564864188513	0.0012360222859115469	0.0009275967347408445	0.0008860957671719422	9.670946498006961e-05	0.0	0.0016181508618483519
Heron_2016_Coral_(Montipora)_site_2_a	77449	0.02682958912095889	0.027467667870743347	0.027608853589493818	0.02750126584243087	0.027808334849636462	0.027908831300035603	0.02777368295218851	0.027818045861782655	0.03148083416619736	0.030181114776767957	0.03141506216774331	0.031045121915097215	0.0310830912715477	0.030788267190012535	0.03168744008276683	0.03221316915371739	0.0026454192004153124	0.0019108997925160818	0.002258781735314697	0.0019542122646303913	0.0018577534611575114	0.0016372856724162083	0.0016181508618483519	0.0
