107
1          0.0000000 0.0038225 0.0038359 0.0115750 0.0233941 0.0273867 0.0038189 0.0274325 0.0076815 0.0234365 0.0076710 0.0076753 0.0115607 0.0078740 0.0161297 0.0116031 0.0076786 0.0118616 0.0154860 0.0115607 0.0077091 0.0038219 0.0000010 0.0076755 0.0077085 0.0076815 0.0038205 0.0077033 0.0274156 0.0076693 0.0115520 0.0117391 0.0117391 0.0234365 0.0194262 0.0174262 0.0115718 0.0194567 0.0076825 0.0234534 0.0314557 0.0115680 0.0076802 0.0115571 0.0077837 0.0076773 0.0076697 0.0038219 0.0115714 0.0076753 0.0277896 0.0038196 0.0115456 0.0038219 0.0076815 0.0038784 0.0038205 0.0076825 0.0274285 0.0076755 0.0038225 0.0116186 0.0076768 0.0274030 0.0116141 0.0157038 0.0045935 0.0076710 0.0355144 0.0273867 0.0314311 0.0274081 0.0077860 0.0234570 0.0115607 0.0076768 0.0076740 0.0274030 0.0274156 0.0077930 0.0076697 0.0194487 0.0038168 0.0038219 0.0274081 0.0154939 0.0234428 0.0234428 0.0115714 0.0194487 0.0117262 0.0274030 0.0274081 0.0194487 0.0154939 0.0115520 0.0078285 0.0274402 0.0038231 0.0076838 0.0234534 0.0076697 0.0043223 0.0234365 0.0154939 0.0076697 0.0274081 
2          0.0038225 0.0000000 0.0000010 0.0076775 0.0193947 0.0233531 0.0076753 0.0233915 0.0038213 0.0194299 0.0038162 0.0038183 0.0076682 0.0039165 0.0120349 0.0076963 0.0115750 0.0078666 0.0115556 0.0076682 0.0038351 0.0076815 0.0038359 0.0115703 0.0038347 0.0038213 0.0076786 0.0038322 0.0233774 0.0115607 0.0076625 0.0077871 0.0077871 0.0194299 0.0154609 0.0219066 0.0155072 0.0154841 0.0115810 0.0194434 0.0273809 0.0076729 0.0115776 0.0154860 0.0117327 0.0115731 0.0115616 0.0076815 0.0076753 0.0038183 0.0236981 0.0076768 0.0076583 0.0076815 0.0115795 0.0077943 0.0076786 0.0115810 0.0233880 0.0115703 0.0076827 0.0077061 0.0038191 0.0233668 0.0077033 0.0117189 0.0000010 0.0038162 0.0314034 0.0233531 0.0273596 0.0233712 0.0117364 0.0194464 0.0076682 0.0038191 0.0115680 0.0233668 0.0233774 0.0117468 0.0115616 0.0154783 0.0076710 0.0076815 0.0233712 0.0115607 0.0194349 0.0194349 0.0076753 0.0154783 0.0077784 0.0233668 0.0233712 0.0154783 0.0115607 0.0076625 0.0038942 0.0233981 0.0076838 0.0038225 0.0194434 0.0115616 0.0000010 0.0194299 0.0115607 0.0115616 0.0233712 
4          0.0038359 0.0000010 0.0000000 0.0077046 0.0194629 0.0234367 0.0077023 0.0234754 0.0038347 0.0194993 0.0038296 0.0038317 0.0076952 0.0039165 0.0120349 0.0077234 0.0116160 0.0078666 0.0115964 0.0076952 0.0038486 0.0077085 0.0038359 0.0116112 0.0038347 0.0038347 0.0077056 0.0038457 0.0234612 0.0116016 0.0076894 0.0078148 0.0078148 0.0194993 0.0155158 0.0219949 0.0155624 0.0155392 0.0116220 0.0195128 0.0274795 0.0076999 0.0116186 0.0155411 0.0117748 0.0116141 0.0116025 0.0077085 0.0077023 0.0038317 0.0237842 0.0077038 0.0076851 0.0077085 0.0116205 0.0078222 0.0077056 0.0116220 0.0234718 0.0116112 0.0077098 0.0077061 0.0038324 0.0234505 0.0077033 0.0117609 0.0000010 0.0038296 0.0315170 0.0234367 0.0274580 0.0234549 0.0117785 0.0195159 0.0076952 0.0038324 0.0116090 0.0234505 0.0234612 0.0117889 0.0116025 0.0155334 0.0076980 0.0077085 0.0234549 0.0116016 0.0195043 0.0195043 0.0077023 0.0155334 0.0078061 0.0234505 0.0234549 0.0155334 0.0116016 0.0076894 0.0039081 0.0234820 0.0077109 0.0038359 0.0195128 0.0116025 0.0000010 0.0194993 0.0116016 0.0116025 0.0234549 
5          0.0115750 0.0076775 0.0077046 0.0000000 0.0274127 0.0314368 0.0154959 0.0314903 0.0115716 0.0274624 0.0115556 0.0115620 0.0154803 0.0118630 0.0202501 0.0155372 0.0038236 0.0158852 0.0038173 0.0154803 0.0116132 0.0155092 0.0116160 0.0194686 0.0116125 0.0115716 0.0155028 0.0116044 0.0314703 0.0194514 0.0154686 0.0157181 0.0157181 0.0274624 0.0234128 0.0310030 0.0234846 0.0076723 0.0194875 0.0274830 0.0355443 0.0154915 0.0194822 0.0076733 0.0197382 0.0194737 0.0194536 0.0155092 0.0154959 0.0115620 0.0318970 0.0154989 0.0154599 0.0155092 0.0194852 0.0157333 0.0155028 0.0194875 0.0314858 0.0194686 0.0155117 0.0155600 0.0115643 0.0314558 0.0155535 0.0197128 0.0000010 0.0115556 0.0396364 0.0314368 0.0355162 0.0314615 0.0197449 0.0274870 0.0154803 0.0115643 0.0157101 0.0314558 0.0314703 0.0197615 0.0194536 0.0234402 0.0154860 0.0155092 0.0314615 0.0194514 0.0274699 0.0274699 0.0154959 0.0234402 0.0157008 0.0314558 0.0314615 0.0234402 0.0194514 0.0154686 0.0117937 0.0314991 0.0155137 0.0115750 0.0274830 0.0194536 0.0086862 0.0274624 0.0194514 0.0194536 0.0314615 
517        0.0233941 0.0193947 0.0194629 0.0274127 0.0000000 0.0038100 0.0194084 0.0038157 0.0233880 0.0314469 0.0233531 0.0154468 0.0193887 0.0158498 0.0243463 0.0194602 0.0314933 0.0198972 0.0314368 0.0193887 0.0155153 0.0274285 0.0234780 0.0314801 0.0234718 0.0233880 0.0274156 0.0155035 0.0038137 0.0233879 0.0273545 0.0277864 0.0277864 0.0314469 0.0273684 0.0401821 0.0356023 0.0355495 0.0315119 0.0314713 0.0076572 0.0194031 0.0315045 0.0355527 0.0319075 0.0314889 0.0314554 0.0274285 0.0194084 0.0233668 0.0038670 0.0274081 0.0193790 0.0274285 0.0315089 0.0278145 0.0274156 0.0315119 0.0038151 0.0314801 0.0274325 0.0275206 0.0233712 0.0038120 0.0275076 0.0318615 0.0233800 0.0233531 0.0115252 0.0038100 0.0076515 0.0038120 0.0319194 0.0314757 0.0193887 0.0233712 0.0314743 0.0038120 0.0038137 0.0319446 0.0314554 0.0274006 0.0273867 0.0274285 0.0038120 0.0233879 0.0314557 0.0314557 0.0194084 0.0274006 0.0196625 0.0038120 0.0038120 0.0274006 0.0233879 0.0193741 0.0157568 0.0038168 0.0274354 0.0233941 0.0314713 0.0314554 0.0219739 0.0314469 0.0233879 0.0314554 0.0038120 
4104       0.0273867 0.0233531 0.0234367 0.0314368 0.0038100 0.0000000 0.0233698 0.0076574 0.0273799 0.0354991 0.0273383 0.0193741 0.0233469 0.0198816 0.0285010 0.0234331 0.0355527 0.0239602 0.0354882 0.0233469 0.0194602 0.0314554 0.0274854 0.0355377 0.0274785 0.0273799 0.0314398 0.0194454 0.0076533 0.0273793 0.0313691 0.0318615 0.0318615 0.0354991 0.0313849 0.0448214 0.0396957 0.0396364 0.0355741 0.0355275 0.0115247 0.0233637 0.0355662 0.0396396 0.0360172 0.0355478 0.0355096 0.0314554 0.0233698 0.0273545 0.0077611 0.0314311 0.0233351 0.0314554 0.0355710 0.0318941 0.0314398 0.0355741 0.0076561 0.0355377 0.0314598 0.0315619 0.0273596 0.0076499 0.0315462 0.0359634 0.0281725 0.0273383 0.0154191 0.0076457 0.0115160 0.0076515 0.0360310 0.0355323 0.0233469 0.0273596 0.0355313 0.0076499 0.0076533 0.0360589 0.0355096 0.0314223 0.0314064 0.0314554 0.0076515 0.0273793 0.0355092 0.0355092 0.0233698 0.0314223 0.0236732 0.0076499 0.0076515 0.0314223 0.0273793 0.0233289 0.0197641 0.0076596 0.0314628 0.0273867 0.0355275 0.0355096 0.0264709 0.0354991 0.0273793 0.0274072 0.0076515 
12         0.0038189 0.0076753 0.0077023 0.0154959 0.0194084 0.0233698 0.0000000 0.0234082 0.0115680 0.0194436 0.0115520 0.0038209 0.0076734 0.0039193 0.0120436 0.0077015 0.0115635 0.0078721 0.0194364 0.0076734 0.0038377 0.0076740 0.0038322 0.0115588 0.0116090 0.0115680 0.0076711 0.0038348 0.0233941 0.0038180 0.0154637 0.0157129 0.0157129 0.0194436 0.0154715 0.0218807 0.0154914 0.0234424 0.0115695 0.0194571 0.0274006 0.0076781 0.0115661 0.0154705 0.0117208 0.0115616 0.0115501 0.0076740 0.0076805 0.0115585 0.0237153 0.0076693 0.0154550 0.0076740 0.0115680 0.0077866 0.0076711 0.0115695 0.0234047 0.0115588 0.0076753 0.0155549 0.0115607 0.0233835 0.0155485 0.0197062 0.0092311 0.0115520 0.0314263 0.0233698 0.0273793 0.0233879 0.0117245 0.0194601 0.0076734 0.0115607 0.0115566 0.0233835 0.0233941 0.0117348 0.0115501 0.0154900 0.0076636 0.0076740 0.0233879 0.0115686 0.0194487 0.0194487 0.0076805 0.0154900 0.0077838 0.0233835 0.0233879 0.0154900 0.0115686 0.0076677 0.0038969 0.0234148 0.0076763 0.0115714 0.0194571 0.0115501 0.0086833 0.0194436 0.0115686 0.0115501 0.0233879 
19468      0.0274325 0.0233915 0.0234754 0.0314903 0.0038157 0.0076574 0.0234082 0.0000000 0.0274257 0.0355604 0.0273839 0.0194061 0.0233853 0.0199143 0.0285507 0.0234717 0.0356142 0.0240016 0.0355495 0.0233853 0.0194927 0.0315089 0.0275315 0.0355991 0.0275247 0.0274257 0.0314933 0.0194776 0.0076650 0.0274251 0.0314223 0.0319164 0.0319164 0.0355604 0.0314382 0.0449118 0.0397656 0.0397061 0.0356358 0.0355889 0.0115426 0.0234021 0.0356278 0.0397093 0.0360804 0.0356094 0.0355710 0.0315089 0.0234082 0.0274002 0.0077732 0.0314845 0.0233734 0.0315089 0.0274257 0.0319492 0.0314933 0.0356358 0.0076679 0.0355991 0.0315133 0.0316158 0.0274053 0.0076617 0.0316001 0.0360263 0.0282292 0.0273839 0.0154434 0.0076574 0.0115339 0.0076632 0.0360942 0.0273978 0.0233853 0.0274053 0.0355927 0.0076617 0.0076650 0.0361222 0.0355710 0.0314757 0.0314598 0.0315089 0.0076632 0.0274251 0.0355706 0.0355706 0.0234082 0.0314757 0.0237126 0.0076617 0.0076632 0.0314757 0.0274251 0.0233672 0.0197976 0.0076713 0.0315164 0.0274325 0.0355889 0.0355710 0.0265207 0.0355604 0.0274251 0.0355710 0.0076632 
15         0.0076815 0.0038213 0.0038347 0.0115716 0.0233880 0.0273799 0.0115680 0.0274257 0.0000000 0.0234304 0.0076687 0.0076729 0.0115573 0.0078716 0.0161250 0.0115997 0.0155092 0.0118580 0.0154817 0.0115573 0.0077068 0.0115776 0.0077085 0.0155028 0.0000010 0.0076791 0.0115731 0.0077010 0.0274087 0.0154895 0.0115486 0.0117356 0.0117356 0.0234304 0.0194209 0.0264347 0.0194794 0.0194513 0.0155176 0.0234473 0.0314483 0.0115646 0.0155132 0.0194536 0.0157187 0.0155067 0.0154909 0.0115776 0.0115680 0.0076729 0.0277826 0.0115703 0.0115422 0.0038208 0.0155157 0.0117468 0.0115731 0.0155176 0.0274217 0.0155028 0.0115795 0.0038329 0.0076744 0.0273962 0.0038316 0.0156993 0.0045918 0.0076687 0.0355064 0.0273799 0.0314236 0.0274013 0.0157238 0.0234508 0.0115573 0.0076744 0.0154998 0.0273962 0.0274087 0.0157373 0.0154909 0.0194434 0.0115616 0.0115776 0.0274013 0.0154895 0.0234366 0.0234366 0.0115680 0.0194434 0.0117227 0.0273962 0.0274013 0.0194434 0.0154895 0.0115486 0.0078261 0.0274334 0.0115810 0.0076815 0.0234473 0.0154909 0.0043208 0.0234304 0.0154895 0.0154909 0.0274013 
21008      0.0234365 0.0194299 0.0194993 0.0274624 0.0314469 0.0354991 0.0194436 0.0355604 0.0234304 0.0000000 0.0233954 0.0154745 0.0115666 0.0158791 0.0243922 0.0194965 0.0315504 0.0118678 0.0314937 0.0194249 0.0155431 0.0274783 0.0235207 0.0315371 0.0235146 0.0234304 0.0274653 0.0155314 0.0355373 0.0155019 0.0274040 0.0278374 0.0278374 0.0076790 0.0274179 0.0402276 0.0356668 0.0356138 0.0315691 0.0076837 0.0314716 0.0194383 0.0315616 0.0356170 0.0319660 0.0315459 0.0315123 0.0274783 0.0194436 0.0234092 0.0360158 0.0274578 0.0273877 0.0274783 0.0315660 0.0278656 0.0274653 0.0315691 0.0355556 0.0315371 0.0274823 0.0275707 0.0234136 0.0355207 0.0275576 0.0319198 0.0234309 0.0233954 0.0437631 0.0354991 0.0396099 0.0355271 0.0319780 0.0076849 0.0194249 0.0234136 0.0315313 0.0355207 0.0355373 0.0320033 0.0315123 0.0038237 0.0274363 0.0274783 0.0355271 0.0076732 0.0076808 0.0076808 0.0194436 0.0038237 0.0196986 0.0355207 0.0355271 0.0038237 0.0076732 0.0194099 0.0157856 0.0355703 0.0274852 0.0234365 0.0076837 0.0278365 0.0220190 0.0076790 0.0076732 0.0315123 0.0355271 
20         0.0076710 0.0038162 0.0038296 0.0115556 0.0233531 0.0273383 0.0115520 0.0273839 0.0076687 0.0233954 0.0000000 0.0076625 0.0115413 0.0078606 0.0161009 0.0115836 0.0154860 0.0118411 0.0076718 0.0115413 0.0076963 0.0115616 0.0076980 0.0154797 0.0076956 0.0076687 0.0115571 0.0076905 0.0273670 0.0154666 0.0115326 0.0117189 0.0117189 0.0233954 0.0193915 0.0263896 0.0194509 0.0194229 0.0154954 0.0234122 0.0313994 0.0115486 0.0154909 0.0194252 0.0156958 0.0154836 0.0154681 0.0115616 0.0115520 0.0076625 0.0277397 0.0115543 0.0038134 0.0115616 0.0154934 0.0117301 0.0115571 0.0154954 0.0273799 0.0154797 0.0115635 0.0115991 0.0076640 0.0273545 0.0115945 0.0156765 0.0045844 0.0076583 0.0354501 0.0273383 0.0313748 0.0273596 0.0157010 0.0234158 0.0115413 0.0076640 0.0154768 0.0273545 0.0273670 0.0157145 0.0154681 0.0194149 0.0115456 0.0115616 0.0273596 0.0154666 0.0234016 0.0234016 0.0115520 0.0194149 0.0117060 0.0273545 0.0273596 0.0194149 0.0154666 0.0115326 0.0078152 0.0273916 0.0115650 0.0076710 0.0234122 0.0154681 0.0043143 0.0233954 0.0154666 0.0154681 0.0273596 
32         0.0076753 0.0038183 0.0038317 0.0115620 0.0154468 0.0193741 0.0038209 0.0194061 0.0076729 0.0154745 0.0076625 0.0000000 0.0038174 0.0000010 0.0079879 0.0038313 0.0154959 0.0039165 0.0154686 0.0038174 0.0000010 0.0115680 0.0077023 0.0154895 0.0076999 0.0076729 0.0115635 0.0000010 0.0193947 0.0076734 0.0115391 0.0117256 0.0117256 0.0154745 0.0115450 0.0264072 0.0194622 0.0194342 0.0155042 0.0154846 0.0233650 0.0038197 0.0154998 0.0194364 0.0157049 0.0154934 0.0154768 0.0115680 0.0038209 0.0076667 0.0196625 0.0115607 0.0115326 0.0115680 0.0155023 0.0117368 0.0115635 0.0155042 0.0194031 0.0154895 0.0115699 0.0116056 0.0076682 0.0193851 0.0116010 0.0156856 0.0045874 0.0076625 0.0273551 0.0193741 0.0233469 0.0193887 0.0157101 0.0154871 0.0038174 0.0076682 0.0154855 0.0193851 0.0193947 0.0157236 0.0154768 0.0115579 0.0115520 0.0115680 0.0193887 0.0076734 0.0154783 0.0154783 0.0038209 0.0115579 0.0038717 0.0193851 0.0193887 0.0115579 0.0076734 0.0038146 0.0000010 0.0194116 0.0115714 0.0076753 0.0154846 0.0154768 0.0043169 0.0154745 0.0076734 0.0154768 0.0193887 
35         0.0115607 0.0076682 0.0076952 0.0154803 0.0193887 0.0233469 0.0076734 0.0233853 0.0115573 0.0115666 0.0115413 0.0038174 0.0000000 0.0039165 0.0120318 0.0076944 0.0194514 0.0000010 0.0194177 0.0076664 0.0038342 0.0154895 0.0116016 0.0194434 0.0115982 0.0115573 0.0154822 0.0038313 0.0233712 0.0038237 0.0154492 0.0156978 0.0156978 0.0115666 0.0154570 0.0264072 0.0234534 0.0234194 0.0194622 0.0115739 0.0273734 0.0076711 0.0194568 0.0234220 0.0197122 0.0194484 0.0194284 0.0154895 0.0076734 0.0115478 0.0236918 0.0154783 0.0154405 0.0154895 0.0194599 0.0157129 0.0154822 0.0194622 0.0233818 0.0194434 0.0154920 0.0155392 0.0115500 0.0233606 0.0155329 0.0196869 0.0092209 0.0115413 0.0313947 0.0233469 0.0273521 0.0233650 0.0197188 0.0115758 0.0076664 0.0115500 0.0194396 0.0233606 0.0233712 0.0197355 0.0194284 0.0076792 0.0154666 0.0154895 0.0233650 0.0115579 0.0115694 0.0115694 0.0076734 0.0076792 0.0077766 0.0233606 0.0233650 0.0076792 0.0038237 0.0076607 0.0038933 0.0233919 0.0154939 0.0115607 0.0115739 0.0194284 0.0086743 0.0115666 0.0115579 0.0194284 0.0233650 
41         0.0078740 0.0039165 0.0039165 0.0118630 0.0158498 0.0198816 0.0039193 0.0199143 0.0078716 0.0158791 0.0078606 0.0000010 0.0039165 0.0000000 0.0079879 0.0039303 0.0159006 0.0039165 0.0158729 0.0039165 0.0000010 0.0118693 0.0078740 0.0158939 0.0078716 0.0078716 0.0118646 0.0000010 0.0199024 0.0078721 0.0118387 0.0120349 0.0120349 0.0158791 0.0118449 0.0271962 0.0199742 0.0199447 0.0159092 0.0158898 0.0239802 0.0039180 0.0159047 0.0199471 0.0161213 0.0158980 0.0158816 0.0118693 0.0039193 0.0078650 0.0201848 0.0118616 0.0118319 0.0118693 0.0159072 0.0120467 0.0118646 0.0159092 0.0199112 0.0158939 0.0118713 0.0118658 0.0078666 0.0198933 0.0118610 0.0161009 0.0047301 0.0078606 0.0280784 0.0198816 0.0239602 0.0198972 0.0161268 0.0158924 0.0039165 0.0078666 0.0158908 0.0198933 0.0199024 0.0161410 0.0158816 0.0118586 0.0118524 0.0118693 0.0198972 0.0078721 0.0158831 0.0158831 0.0039193 0.0118586 0.0039729 0.0198933 0.0198972 0.0118586 0.0078721 0.0039127 0.0000010 0.0199200 0.0118729 0.0078740 0.0158898 0.0158816 0.0043169 0.0158791 0.0078721 0.0158816 0.0198972 
46         0.0161297 0.0120349 0.0120349 0.0202501 0.0243463 0.0285010 0.0120436 0.0285507 0.0161250 0.0243922 0.0161009 0.0079879 0.0120318 0.0079879 0.0000000 0.0120777 0.0244280 0.0120318 0.0243833 0.0120318 0.0080246 0.0202617 0.0161297 0.0244174 0.0161250 0.0161250 0.0202525 0.0080183 0.0285322 0.0161254 0.0202065 0.0205420 0.0205420 0.0243922 0.0202172 0.0271962 0.0286381 0.0285945 0.0244425 0.0244106 0.0327370 0.0120399 0.0244359 0.0285975 0.0247661 0.0244242 0.0243977 0.0202617 0.0120436 0.0161105 0.0289359 0.0202470 0.0201943 0.0202617 0.0244397 0.0205630 0.0202525 0.0244425 0.0285464 0.0161539 0.0202650 0.0202560 0.0161137 0.0285186 0.0202468 0.0247314 0.0146076 0.0161009 0.0369609 0.0285010 0.0327103 0.0285241 0.0247752 0.0244144 0.0120318 0.0161137 0.0244127 0.0285186 0.0285322 0.0247964 0.0243977 0.0202415 0.0202308 0.0202617 0.0285241 0.0161254 0.0243990 0.0243990 0.0120436 0.0202415 0.0122104 0.0285186 0.0285241 0.0202415 0.0161254 0.0120223 0.0081540 0.0285590 0.0202675 0.0161297 0.0244106 0.0243977 0.0132972 0.0243922 0.0161254 0.0243977 0.0285241 
54         0.0116031 0.0076963 0.0077234 0.0155372 0.0194602 0.0234331 0.0077015 0.0234717 0.0115997 0.0194965 0.0115836 0.0038313 0.0076944 0.0039303 0.0120777 0.0000000 0.0195233 0.0078942 0.0194893 0.0076944 0.0038313 0.0155455 0.0116443 0.0195151 0.0116409 0.0115997 0.0155391 0.0038453 0.0234575 0.0116003 0.0155059 0.0157563 0.0157563 0.0194965 0.0155138 0.0310847 0.0235404 0.0235061 0.0195341 0.0195100 0.0274748 0.0076991 0.0195287 0.0235087 0.0197859 0.0195202 0.0195000 0.0155455 0.0077015 0.0115901 0.0237804 0.0155353 0.0154971 0.0155455 0.0195318 0.0157716 0.0155391 0.0195341 0.0234682 0.0195151 0.0155490 0.0155966 0.0115923 0.0234469 0.0155902 0.0197604 0.0092614 0.0115836 0.0315112 0.0234331 0.0274533 0.0234513 0.0197926 0.0195131 0.0076944 0.0115923 0.0195114 0.0234469 0.0234575 0.0198093 0.0195000 0.0155314 0.0155235 0.0155455 0.0234513 0.0116003 0.0195016 0.0195016 0.0077015 0.0155314 0.0078053 0.0234469 0.0234513 0.0155314 0.0116003 0.0076886 0.0038903 0.0234783 0.0155509 0.0116031 0.0195100 0.0195000 0.0043169 0.0194965 0.0116003 0.0195000 0.0234513 
566        0.0076786 0.0115750 0.0116160 0.0038236 0.0314933 0.0355527 0.0115635 0.0356142 0.0155092 0.0315504 0.0154860 0.0154959 0.0194514 0.0159006 0.0244280 0.0195233 0.0000000 0.0199629 0.0076733 0.0194514 0.0155649 0.0115731 0.0077056 0.0154964 0.0155644 0.0155092 0.0115686 0.0155529 0.0355910 0.0154822 0.0194364 0.0197476 0.0197476 0.0315504 0.0274573 0.0264208 0.0194709 0.0115670 0.0155112 0.0315749 0.0397028 0.0194649 0.0155067 0.0038179 0.0157120 0.0155003 0.0154836 0.0115731 0.0194703 0.0154959 0.0360711 0.0115658 0.0194252 0.0115731 0.0155092 0.0117420 0.0115686 0.0155112 0.0356094 0.0154964 0.0115750 0.0195519 0.0154989 0.0355744 0.0195434 0.0237762 0.0045935 0.0154860 0.0438324 0.0355527 0.0396712 0.0355808 0.0157172 0.0315793 0.0194514 0.0154989 0.0117245 0.0355744 0.0355910 0.0157307 0.0154836 0.0274898 0.0115571 0.0115731 0.0355808 0.0234632 0.0315592 0.0315592 0.0194703 0.0274898 0.0197260 0.0355744 0.0355808 0.0274898 0.0234632 0.0194364 0.0158080 0.0356241 0.0115765 0.0155137 0.0315749 0.0154836 0.0131056 0.0315504 0.0234632 0.0154836 0.0355808 
58         0.0118616 0.0078666 0.0078666 0.0158852 0.0198972 0.0239602 0.0078721 0.0240016 0.0118580 0.0118678 0.0118411 0.0039165 0.0000010 0.0039165 0.0120318 0.0078942 0.0199629 0.0000000 0.0199263 0.0078647 0.0039333 0.0158939 0.0118616 0.0199543 0.0118580 0.0118580 0.0158872 0.0039303 0.0239867 0.0039223 0.0158524 0.0161137 0.0161137 0.0118678 0.0158606 0.0271962 0.0240734 0.0240376 0.0199742 0.0118755 0.0280976 0.0078696 0.0199686 0.0240403 0.0202372 0.0199597 0.0199386 0.0158939 0.0078721 0.0118479 0.0243240 0.0158831 0.0158432 0.0158939 0.0199718 0.0161297 0.0158872 0.0199742 0.0239979 0.0199543 0.0158965 0.0158893 0.0118503 0.0239756 0.0158826 0.0202104 0.0095093 0.0118411 0.0322287 0.0239602 0.0280751 0.0239802 0.0202443 0.0118775 0.0078647 0.0118503 0.0199504 0.0239756 0.0239867 0.0202617 0.0199386 0.0078782 0.0158708 0.0158939 0.0239802 0.0118586 0.0118708 0.0118708 0.0078721 0.0078782 0.0079805 0.0239756 0.0239802 0.0078782 0.0039223 0.0078586 0.0039947 0.0240085 0.0158985 0.0118616 0.0118755 0.0199386 0.0086743 0.0118678 0.0118586 0.0199386 0.0239802 
90687      0.0154860 0.0115556 0.0115964 0.0038173 0.0314368 0.0354882 0.0194364 0.0355495 0.0154817 0.0314937 0.0076718 0.0154686 0.0194177 0.0158729 0.0243833 0.0194893 0.0076733 0.0199263 0.0000000 0.0194177 0.0155372 0.0194536 0.0155411 0.0234433 0.0155368 0.0154817 0.0194452 0.0155255 0.0355264 0.0234220 0.0194027 0.0197128 0.0197128 0.0314937 0.0274086 0.0355706 0.0274940 0.0115476 0.0234663 0.0315181 0.0396299 0.0194311 0.0234602 0.0115491 0.0237657 0.0234495 0.0234251 0.0194536 0.0194364 0.0154686 0.0360048 0.0194401 0.0115469 0.0194536 0.0234637 0.0197321 0.0194452 0.0234663 0.0355447 0.0234433 0.0194567 0.0195178 0.0154715 0.0355098 0.0195093 0.0237339 0.0045844 0.0154599 0.0437511 0.0354882 0.0395984 0.0355162 0.0237740 0.0315225 0.0194177 0.0154715 0.0197034 0.0355098 0.0355264 0.0237936 0.0234251 0.0274410 0.0194252 0.0194536 0.0355162 0.0234220 0.0315025 0.0315025 0.0194364 0.0274410 0.0196913 0.0355098 0.0355162 0.0274410 0.0234220 0.0194027 0.0157795 0.0355594 0.0194589 0.0154860 0.0315181 0.0234251 0.0130797 0.0314937 0.0234220 0.0234251 0.0355162 
71         0.0115607 0.0076682 0.0076952 0.0154803 0.0193887 0.0233469 0.0076734 0.0233853 0.0115573 0.0194249 0.0115413 0.0038174 0.0076664 0.0039165 0.0120318 0.0076944 0.0194514 0.0078647 0.0194177 0.0000000 0.0038342 0.0154895 0.0116016 0.0194434 0.0115982 0.0115573 0.0154822 0.0038313 0.0233712 0.0115579 0.0154492 0.0156978 0.0156978 0.0194249 0.0154570 0.0309551 0.0234534 0.0234194 0.0194622 0.0194383 0.0273734 0.0076711 0.0194568 0.0234220 0.0197122 0.0194484 0.0194284 0.0154895 0.0076734 0.0115478 0.0236918 0.0154783 0.0154405 0.0154895 0.0194599 0.0157129 0.0154822 0.0194622 0.0233818 0.0194434 0.0154920 0.0155392 0.0115500 0.0233606 0.0155329 0.0196869 0.0045874 0.0115413 0.0313947 0.0233469 0.0273521 0.0233650 0.0197188 0.0194413 0.0076664 0.0115500 0.0194396 0.0233606 0.0233712 0.0197355 0.0194284 0.0154745 0.0154666 0.0154895 0.0233650 0.0115579 0.0194299 0.0194299 0.0076734 0.0154745 0.0077766 0.0233606 0.0233650 0.0154745 0.0115579 0.0076607 0.0038933 0.0233919 0.0154939 0.0115607 0.0194383 0.0194284 0.0086743 0.0194249 0.0115579 0.0194284 0.0233650 
80         0.0077091 0.0038351 0.0038486 0.0116132 0.0155153 0.0194602 0.0038377 0.0194927 0.0077068 0.0155431 0.0076963 0.0000010 0.0038342 0.0000010 0.0080246 0.0038313 0.0155649 0.0039333 0.0155372 0.0038342 0.0000000 0.0116192 0.0077364 0.0155584 0.0077340 0.0077068 0.0116147 0.0000010 0.0194812 0.0077073 0.0115901 0.0117783 0.0117783 0.0155431 0.0115960 0.0265408 0.0195492 0.0195210 0.0155733 0.0155545 0.0234695 0.0038365 0.0155689 0.0195233 0.0157758 0.0155624 0.0155455 0.0116192 0.0038377 0.0077005 0.0197513 0.0116119 0.0115836 0.0116192 0.0155714 0.0117896 0.0116147 0.0155733 0.0194896 0.0155584 0.0116211 0.0116571 0.0077020 0.0194724 0.0116525 0.0157563 0.0046117 0.0076963 0.0274779 0.0194602 0.0234513 0.0194761 0.0157810 0.0155570 0.0038342 0.0077020 0.0155554 0.0194724 0.0194812 0.0157946 0.0155455 0.0116090 0.0116031 0.0116192 0.0194761 0.0077073 0.0155480 0.0155480 0.0038377 0.0116090 0.0038899 0.0194724 0.0194761 0.0116090 0.0077073 0.0038313 0.0000010 0.0194982 0.0116226 0.0077091 0.0155545 0.0155455 0.0043169 0.0155431 0.0077073 0.0155455 0.0194761 
82         0.0038219 0.0076815 0.0077085 0.0155092 0.0274285 0.0314554 0.0076740 0.0315089 0.0115776 0.0274783 0.0115616 0.0115680 0.0154895 0.0118693 0.0202617 0.0155455 0.0115731 0.0158939 0.0194536 0.0154895 0.0116192 0.0000000 0.0038352 0.0038179 0.0116186 0.0038208 0.0076773 0.0116105 0.0314889 0.0115588 0.0154768 0.0157267 0.0157267 0.0274783 0.0234260 0.0129921 0.0076744 0.0234637 0.0038213 0.0274989 0.0355658 0.0154998 0.0038201 0.0154836 0.0038710 0.0038188 0.0038150 0.0000010 0.0155042 0.0115680 0.0319161 0.0076755 0.0154681 0.0076802 0.0038208 0.0077930 0.0076773 0.0038213 0.0315045 0.0038179 0.0076815 0.0155684 0.0115703 0.0314743 0.0155619 0.0197238 0.0092401 0.0115616 0.0396609 0.0314554 0.0355377 0.0314801 0.0038721 0.0275029 0.0154895 0.0115703 0.0038171 0.0314743 0.0314889 0.0038766 0.0038150 0.0234534 0.0076697 0.0076802 0.0314801 0.0194622 0.0274858 0.0274858 0.0155042 0.0234534 0.0157094 0.0314743 0.0314801 0.0234534 0.0194622 0.0154768 0.0118000 0.0315177 0.0076825 0.0115810 0.0274989 0.0038150 0.0086912 0.0274783 0.0194622 0.0038150 0.0314801 
85         0.0000010 0.0038359 0.0038359 0.0116160 0.0234780 0.0274854 0.0038322 0.0275315 0.0077085 0.0235207 0.0076980 0.0077023 0.0116016 0.0078740 0.0161297 0.0116443 0.0077056 0.0118616 0.0155411 0.0116016 0.0077364 0.0038352 0.0000000 0.0077025 0.0077085 0.0077085 0.0038339 0.0077305 0.0275144 0.0076963 0.0115928 0.0117812 0.0117812 0.0235207 0.0194955 0.0174949 0.0116127 0.0195262 0.0077096 0.0235377 0.0315697 0.0116090 0.0077072 0.0115979 0.0078114 0.0077043 0.0076967 0.0038352 0.0116124 0.0077023 0.0278911 0.0038330 0.0115863 0.0038352 0.0077085 0.0038922 0.0038339 0.0077096 0.0275275 0.0077025 0.0038359 0.0116186 0.0077038 0.0275018 0.0116141 0.0157604 0.0046129 0.0076980 0.0356437 0.0274854 0.0315449 0.0275069 0.0078138 0.0235413 0.0116016 0.0077038 0.0077010 0.0275018 0.0275144 0.0078208 0.0076967 0.0195182 0.0038301 0.0038352 0.0275069 0.0155490 0.0235270 0.0235270 0.0116124 0.0195182 0.0117682 0.0275018 0.0275069 0.0195182 0.0155490 0.0115928 0.0078566 0.0275393 0.0038365 0.0077109 0.0235377 0.0076967 0.0043223 0.0235207 0.0155490 0.0076967 0.0275069 
91         0.0076755 0.0115703 0.0116112 0.0194686 0.0314801 0.0355377 0.0115588 0.0355991 0.0155028 0.0315371 0.0154797 0.0154895 0.0194434 0.0158939 0.0244174 0.0195151 0.0154964 0.0199543 0.0234433 0.0194434 0.0155584 0.0038179 0.0077025 0.0000000 0.0155580 0.0076733 0.0115639 0.0155455 0.0355760 0.0154759 0.0194284 0.0197393 0.0197393 0.0315371 0.0274458 0.0129921 0.0038242 0.0274911 0.0076744 0.0315616 0.0396860 0.0194568 0.0076720 0.0194371 0.0077752 0.0076692 0.0076616 0.0038179 0.0194622 0.0154895 0.0360557 0.0115611 0.0194171 0.0115684 0.0076733 0.0117371 0.0115639 0.0076744 0.0355943 0.0076673 0.0115703 0.0195438 0.0154925 0.0355594 0.0195352 0.0237662 0.0139303 0.0154797 0.0438138 0.0355377 0.0396544 0.0355658 0.0077776 0.0315660 0.0194434 0.0154925 0.0076658 0.0355594 0.0355760 0.0077845 0.0076616 0.0274783 0.0115524 0.0115684 0.0355658 0.0234534 0.0315459 0.0315459 0.0194622 0.0274783 0.0197177 0.0355594 0.0355658 0.0274783 0.0234534 0.0194284 0.0158014 0.0319330 0.0115718 0.0155072 0.0315616 0.0076616 0.0130985 0.0315371 0.0234534 0.0076616 0.0355658 
95         0.0077085 0.0038347 0.0038347 0.0116125 0.0234718 0.0274785 0.0116090 0.0275247 0.0000010 0.0235146 0.0076956 0.0076999 0.0115982 0.0078716 0.0161250 0.0116409 0.0155644 0.0118580 0.0155368 0.0115982 0.0077340 0.0116186 0.0077085 0.0155580 0.0000000 0.0077061 0.0116141 0.0077281 0.0275076 0.0155436 0.0115894 0.0117777 0.0117777 0.0235146 0.0194902 0.0265420 0.0195491 0.0195209 0.0155729 0.0235316 0.0315622 0.0116056 0.0155684 0.0195232 0.0157753 0.0155619 0.0155450 0.0116186 0.0116090 0.0076999 0.0278841 0.0116112 0.0115829 0.0038341 0.0155709 0.0117889 0.0116141 0.0155729 0.0275206 0.0155580 0.0116205 0.0038329 0.0077014 0.0274949 0.0038316 0.0157558 0.0046111 0.0076956 0.0356357 0.0274785 0.0315374 0.0275000 0.0157805 0.0235351 0.0115982 0.0077014 0.0155549 0.0274949 0.0275076 0.0157941 0.0155450 0.0195128 0.0116025 0.0116186 0.0275000 0.0155436 0.0235208 0.0235208 0.0116090 0.0195128 0.0117646 0.0274949 0.0275000 0.0195128 0.0155436 0.0115894 0.0078541 0.0275324 0.0116220 0.0077085 0.0235316 0.0155450 0.0043208 0.0235146 0.0155436 0.0155450 0.0275000 
98         0.0076815 0.0038213 0.0038347 0.0115716 0.0233880 0.0273799 0.0115680 0.0274257 0.0076791 0.0234304 0.0076687 0.0076729 0.0115573 0.0078716 0.0161250 0.0115997 0.0155092 0.0118580 0.0154817 0.0115573 0.0077068 0.0038208 0.0077085 0.0076733 0.0077061 0.0000000 0.0115731 0.0077010 0.0274087 0.0154895 0.0115486 0.0117356 0.0117356 0.0234304 0.0194209 0.0174197 0.0115685 0.0194513 0.0076803 0.0234473 0.0314483 0.0115646 0.0076780 0.0194536 0.0077814 0.0076751 0.0076676 0.0038208 0.0115680 0.0076729 0.0277826 0.0115703 0.0115422 0.0115776 0.0076793 0.0117468 0.0115731 0.0076803 0.0274217 0.0076733 0.0115795 0.0116152 0.0076744 0.0273962 0.0116106 0.0156993 0.0045918 0.0076687 0.0355064 0.0273799 0.0314236 0.0274013 0.0077838 0.0234508 0.0115573 0.0076744 0.0076718 0.0273962 0.0274087 0.0077907 0.0076676 0.0194434 0.0115616 0.0115776 0.0274013 0.0154895 0.0234366 0.0234366 0.0115680 0.0194434 0.0117227 0.0273962 0.0274013 0.0194434 0.0154895 0.0115486 0.0078261 0.0274334 0.0115810 0.0076815 0.0234473 0.0076676 0.0043208 0.0234304 0.0154895 0.0076676 0.0274013 
104        0.0038205 0.0076786 0.0077056 0.0155028 0.0274156 0.0314398 0.0076711 0.0314933 0.0115731 0.0274653 0.0115571 0.0115635 0.0154822 0.0118646 0.0202525 0.0155391 0.0115686 0.0158872 0.0194452 0.0154822 0.0116147 0.0076773 0.0038339 0.0115639 0.0116141 0.0115731 0.0000000 0.0116059 0.0314733 0.0115543 0.0154705 0.0157201 0.0157201 0.0274653 0.0234154 0.0130108 0.0154983 0.0234531 0.0115746 0.0274858 0.0355475 0.0154934 0.0115712 0.0154773 0.0117261 0.0115667 0.0115552 0.0076773 0.0154978 0.0115635 0.0319001 0.0076726 0.0154618 0.0076773 0.0115731 0.0077900 0.0076745 0.0115746 0.0314889 0.0115639 0.0076786 0.0155619 0.0115658 0.0314588 0.0155555 0.0197152 0.0092359 0.0115571 0.0396396 0.0314398 0.0355194 0.0314645 0.0117298 0.0274898 0.0154822 0.0115658 0.0115616 0.0314588 0.0314733 0.0117401 0.0115552 0.0234428 0.0076669 0.0076773 0.0314645 0.0194537 0.0274728 0.0274728 0.0154978 0.0234428 0.0157028 0.0314588 0.0314645 0.0234428 0.0194537 0.0154705 0.0117953 0.0315021 0.0076796 0.0115765 0.0274858 0.0115552 0.0086875 0.0274653 0.0194537 0.0115552 0.0314645 
108        0.0077033 0.0038322 0.0038457 0.0116044 0.0155035 0.0194454 0.0038348 0.0194776 0.0077010 0.0155314 0.0076905 0.0000010 0.0038313 0.0000010 0.0080183 0.0038453 0.0155529 0.0039303 0.0155255 0.0038313 0.0000010 0.0116105 0.0077305 0.0155455 0.0077281 0.0077010 0.0116059 0.0000000 0.0194651 0.0077015 0.0115813 0.0117692 0.0117692 0.0155314 0.0115872 0.0265174 0.0195341 0.0195059 0.0155613 0.0155416 0.0234513 0.0038336 0.0155569 0.0195082 0.0157635 0.0155504 0.0155337 0.0116105 0.0038348 0.0076947 0.0197359 0.0116031 0.0115748 0.0116105 0.0155594 0.0117804 0.0116059 0.0155613 0.0194746 0.0155455 0.0116124 0.0116483 0.0076963 0.0194565 0.0116437 0.0157440 0.0046075 0.0076905 0.0274564 0.0194454 0.0234331 0.0194602 0.0157687 0.0155441 0.0038313 0.0076963 0.0155425 0.0194565 0.0194651 0.0157823 0.0155337 0.0116003 0.0115944 0.0116105 0.0194602 0.0077015 0.0155353 0.0155353 0.0038348 0.0116003 0.0038860 0.0194565 0.0194602 0.0116003 0.0077015 0.0038284 0.0000010 0.0194831 0.0116139 0.0077033 0.0155416 0.0155337 0.0043347 0.0155314 0.0077015 0.0155337 0.0194602 
1138       0.0274156 0.0233774 0.0234612 0.0314703 0.0038137 0.0076533 0.0233941 0.0076650 0.0274087 0.0355373 0.0273670 0.0193947 0.0233712 0.0199024 0.0285322 0.0234575 0.0355910 0.0239867 0.0355264 0.0233712 0.0194812 0.0314889 0.0275144 0.0355760 0.0275076 0.0274087 0.0314733 0.0194651 0.0000000 0.0274081 0.0314024 0.0318959 0.0318959 0.0355373 0.0314183 0.0448771 0.0397390 0.0396796 0.0356125 0.0355658 0.0115362 0.0233880 0.0356045 0.0396828 0.0360565 0.0355862 0.0355478 0.0314889 0.0233941 0.0273833 0.0077689 0.0314645 0.0233593 0.0314889 0.0356094 0.0319286 0.0314733 0.0356125 0.0076637 0.0355760 0.0314933 0.0315956 0.0273883 0.0076575 0.0315799 0.0360026 0.0233800 0.0273670 0.0154346 0.0076533 0.0115275 0.0076590 0.0360704 0.0355706 0.0233712 0.0273883 0.0355696 0.0076575 0.0076609 0.0360983 0.0355478 0.0314557 0.0314398 0.0314889 0.0076590 0.0274081 0.0355475 0.0355475 0.0233941 0.0314557 0.0236981 0.0076575 0.0076590 0.0314557 0.0274081 0.0233531 0.0197857 0.0076672 0.0314963 0.0274156 0.0355658 0.0355478 0.0265023 0.0355373 0.0274081 0.0355478 0.0076590 
270451     0.0076693 0.0115607 0.0116016 0.0194514 0.0233879 0.0273793 0.0038180 0.0274251 0.0154895 0.0155019 0.0154666 0.0076734 0.0038237 0.0078721 0.0161254 0.0116003 0.0154822 0.0039223 0.0234220 0.0115579 0.0077073 0.0115588 0.0076963 0.0154759 0.0155436 0.0154895 0.0115543 0.0077015 0.0274081 0.0000000 0.0194112 0.0197216 0.0197216 0.0155019 0.0194212 0.0218807 0.0194456 0.0274655 0.0154914 0.0155122 0.0314469 0.0115652 0.0154860 0.0194200 0.0156918 0.0154797 0.0154642 0.0115588 0.0115686 0.0154754 0.0277819 0.0115515 0.0194000 0.0115588 0.0154895 0.0117272 0.0115543 0.0154914 0.0274211 0.0154759 0.0115607 0.0195264 0.0154783 0.0273956 0.0195179 0.0237443 0.0139163 0.0154666 0.0355042 0.0273793 0.0314223 0.0274006 0.0156969 0.0155147 0.0115579 0.0154783 0.0154729 0.0273956 0.0274081 0.0157104 0.0154642 0.0115773 0.0115428 0.0115588 0.0274006 0.0154900 0.0155058 0.0155058 0.0115686 0.0115773 0.0117232 0.0273956 0.0274006 0.0115773 0.0076862 0.0115492 0.0078266 0.0274327 0.0115622 0.0154939 0.0155122 0.0154642 0.0130862 0.0155019 0.0154900 0.0154642 0.0274006 
117        0.0115520 0.0076625 0.0076894 0.0154686 0.0273545 0.0313691 0.0154637 0.0314223 0.0115486 0.0274040 0.0115326 0.0115391 0.0154492 0.0118387 0.0202065 0.0155059 0.0194364 0.0158524 0.0194027 0.0154492 0.0115901 0.0154768 0.0115928 0.0194284 0.0115894 0.0115486 0.0154705 0.0115813 0.0314024 0.0194112 0.0000000 0.0156856 0.0156856 0.0274040 0.0233638 0.0309278 0.0234352 0.0154812 0.0194472 0.0274244 0.0354665 0.0154593 0.0194418 0.0234038 0.0196968 0.0194334 0.0194134 0.0154768 0.0154637 0.0115391 0.0318273 0.0154666 0.0154288 0.0154768 0.0194449 0.0157007 0.0154705 0.0194472 0.0314179 0.0194284 0.0154792 0.0155275 0.0115413 0.0313879 0.0155211 0.0196715 0.0045844 0.0115326 0.0395485 0.0313691 0.0273545 0.0313937 0.0197034 0.0274284 0.0154492 0.0115413 0.0194247 0.0313879 0.0314024 0.0197200 0.0194134 0.0233910 0.0154550 0.0154768 0.0313937 0.0194112 0.0274114 0.0274114 0.0154637 0.0233910 0.0156684 0.0313879 0.0313937 0.0233910 0.0194112 0.0154375 0.0117699 0.0314311 0.0154811 0.0115520 0.0274244 0.0194134 0.0043169 0.0274040 0.0194112 0.0194134 0.0313937 
118        0.0117391 0.0077871 0.0078148 0.0157181 0.0277864 0.0318615 0.0157129 0.0319164 0.0117356 0.0278374 0.0117189 0.0117256 0.0156978 0.0120349 0.0205420 0.0157563 0.0197476 0.0161137 0.0197128 0.0156978 0.0117783 0.0157267 0.0117812 0.0197393 0.0117777 0.0117356 0.0157201 0.0117692 0.0318959 0.0197216 0.0156856 0.0000000 0.0159411 0.0278374 0.0237348 0.0314765 0.0238086 0.0237736 0.0197587 0.0278586 0.0360209 0.0157084 0.0197532 0.0237762 0.0200159 0.0197445 0.0197238 0.0157267 0.0157129 0.0117256 0.0323332 0.0157160 0.0156765 0.0157267 0.0197563 0.0159567 0.0157201 0.0197587 0.0319119 0.0197393 0.0157292 0.0157788 0.0117280 0.0318810 0.0157722 0.0038225 0.0093925 0.0117189 0.0401633 0.0318615 0.0359921 0.0318869 0.0200228 0.0278627 0.0156978 0.0117280 0.0197355 0.0318810 0.0318959 0.0200399 0.0197238 0.0237630 0.0157038 0.0157267 0.0318869 0.0197216 0.0278451 0.0278451 0.0157129 0.0237630 0.0159234 0.0318810 0.0318869 0.0237630 0.0197216 0.0156856 0.0119639 0.0319254 0.0157312 0.0117391 0.0278586 0.0197238 0.0088263 0.0278374 0.0197216 0.0197238 0.0318869 
133        0.0117391 0.0077871 0.0078148 0.0157181 0.0277864 0.0318615 0.0157129 0.0319164 0.0117356 0.0278374 0.0117189 0.0117256 0.0156978 0.0120349 0.0205420 0.0157563 0.0197476 0.0161137 0.0197128 0.0156978 0.0117783 0.0157267 0.0117812 0.0197393 0.0117777 0.0117356 0.0157201 0.0117692 0.0318959 0.0197216 0.0156856 0.0159411 0.0000000 0.0278374 0.0237348 0.0314765 0.0238086 0.0237736 0.0197587 0.0278586 0.0360209 0.0157084 0.0197532 0.0237762 0.0200159 0.0197445 0.0197238 0.0157267 0.0157129 0.0117256 0.0323332 0.0157160 0.0156765 0.0157267 0.0197563 0.0159567 0.0157201 0.0197587 0.0319119 0.0197393 0.0157292 0.0157788 0.0117280 0.0318810 0.0157722 0.0199898 0.0045885 0.0117189 0.0401633 0.0318615 0.0359921 0.0318869 0.0200228 0.0278627 0.0156978 0.0117280 0.0197355 0.0318810 0.0318959 0.0115804 0.0197238 0.0237630 0.0157038 0.0157267 0.0318869 0.0197216 0.0278451 0.0278451 0.0157129 0.0237630 0.0159234 0.0318810 0.0318869 0.0237630 0.0197216 0.0156856 0.0119639 0.0319254 0.0157312 0.0117391 0.0278586 0.0197238 0.0088263 0.0278374 0.0197216 0.0197238 0.0318869 
21640      0.0234365 0.0194299 0.0194993 0.0274624 0.0314469 0.0354991 0.0194436 0.0355604 0.0234304 0.0076790 0.0233954 0.0154745 0.0115666 0.0158791 0.0243922 0.0194965 0.0315504 0.0118678 0.0314937 0.0194249 0.0155431 0.0274783 0.0235207 0.0315371 0.0235146 0.0234304 0.0274653 0.0155314 0.0355373 0.0155019 0.0274040 0.0278374 0.0278374 0.0000000 0.0274179 0.0402276 0.0356668 0.0356138 0.0315691 0.0076837 0.0396414 0.0194383 0.0315616 0.0356170 0.0319660 0.0315459 0.0315123 0.0274783 0.0194436 0.0234092 0.0360158 0.0274578 0.0273877 0.0274783 0.0315660 0.0278656 0.0274653 0.0315691 0.0355556 0.0315371 0.0274823 0.0275707 0.0234136 0.0355207 0.0275576 0.0319198 0.0234309 0.0233954 0.0437631 0.0354991 0.0396099 0.0355271 0.0319780 0.0076849 0.0194249 0.0234136 0.0315313 0.0355207 0.0355373 0.0320033 0.0315123 0.0038237 0.0274363 0.0274783 0.0355271 0.0076732 0.0076808 0.0076808 0.0194436 0.0038237 0.0196986 0.0355207 0.0355271 0.0038237 0.0076732 0.0194099 0.0157856 0.0355703 0.0274852 0.0234365 0.0076837 0.0278365 0.0220190 0.0076790 0.0076732 0.0315123 0.0355271 
141        0.0194262 0.0154609 0.0155158 0.0234128 0.0273684 0.0313849 0.0154715 0.0314382 0.0194209 0.0274179 0.0193915 0.0115450 0.0154570 0.0118449 0.0202172 0.0155138 0.0274573 0.0158606 0.0274086 0.0154570 0.0115960 0.0234260 0.0194955 0.0274458 0.0194902 0.0194209 0.0234154 0.0115872 0.0314183 0.0194212 0.0233638 0.0237348 0.0237348 0.0274179 0.0000000 0.0401724 0.0315313 0.0314849 0.0274732 0.0274383 0.0354844 0.0154672 0.0274663 0.0314879 0.0278208 0.0274533 0.0274244 0.0234260 0.0154715 0.0194038 0.0318436 0.0234092 0.0233501 0.0234260 0.0274704 0.0237584 0.0234154 0.0274732 0.0314338 0.0274458 0.0234295 0.0235040 0.0194075 0.0314038 0.0234933 0.0277822 0.0186232 0.0193915 0.0395683 0.0313849 0.0354564 0.0314095 0.0278308 0.0274423 0.0154570 0.0194075 0.0274407 0.0314038 0.0314183 0.0278533 0.0274244 0.0234029 0.0233910 0.0234260 0.0314095 0.0194212 0.0274254 0.0274254 0.0154715 0.0234029 0.0156766 0.0314038 0.0314095 0.0234029 0.0194212 0.0154453 0.0117760 0.0314469 0.0234321 0.0194262 0.0274383 0.0274244 0.0175092 0.0274179 0.0194212 0.0274244 0.0314095 
452752     0.0174262 0.0219066 0.0219949 0.0310030 0.0401821 0.0448214 0.0218807 0.0449118 0.0264347 0.0402276 0.0263896 0.0264072 0.0264072 0.0271962 0.0271962 0.0310847 0.0264208 0.0271962 0.0355706 0.0309551 0.0265408 0.0129921 0.0174949 0.0129921 0.0265420 0.0174197 0.0130108 0.0265174 0.0448771 0.0218807 0.0309278 0.0314765 0.0314765 0.0402276 0.0401724 0.0000000 0.0174230 0.0402529 0.0174230 0.0402654 0.0495862 0.0309820 0.0174166 0.0309439 0.0176754 0.0174085 0.0173887 0.0129921 0.0309903 0.0264072 0.0455494 0.0218854 0.0309069 0.0219028 0.0174197 0.0222538 0.0218919 0.0129921 0.0449056 0.0129921 0.0219066 0.0311420 0.0264127 0.0401821 0.0311247 0.0361084 0.0271317 0.0263896 0.0543198 0.0448214 0.0495411 0.0448618 0.0129921 0.0402713 0.0309551 0.0264127 0.0173998 0.0448531 0.0448771 0.0176989 0.0173887 0.0355871 0.0218664 0.0219028 0.0448618 0.0355871 0.0402409 0.0402409 0.0309903 0.0355871 0.0264072 0.0448531 0.0448618 0.0355871 0.0309903 0.0309278 0.0270125 0.0401821 0.0174262 0.0219066 0.0402654 0.0173887 0.0252554 0.0355871 0.0355871 0.0173887 0.0448618 
