16
32         0.0000000 0.0076408 0.0038120 0.0038120 0.0038240 0.0153364 0.0114945 0.0114945 0.0076434 0.0076370 0.0114839 0.0076367 0.0192227 0.0192227 0.0076434 0.0192227 
1          0.0076408 0.0000000 0.0038120 0.0114923 0.0038252 0.0231199 0.0192537 0.0192537 0.0153611 0.0076393 0.0038120 0.0076391 0.0270471 0.0270471 0.0153611 0.0270471 
2          0.0038120 0.0038120 0.0000000 0.0076434 0.0000010 0.0192187 0.0153655 0.0153655 0.0114923 0.0038103 0.0076393 0.0038102 0.0231254 0.0231254 0.0114923 0.0231254 
35         0.0038120 0.0114923 0.0076434 0.0000000 0.0076688 0.0192227 0.0076483 0.0076483 0.0114945 0.0114866 0.0153536 0.0114861 0.0231301 0.0231301 0.0114945 0.0231301 
4          0.0038240 0.0038252 0.0000010 0.0076688 0.0000000 0.0192850 0.0154177 0.0154177 0.0115318 0.0038233 0.0076655 0.0038232 0.0232055 0.0232055 0.0115318 0.0232055 
517        0.0153364 0.0231199 0.0192187 0.0192227 0.0192850 0.0000000 0.0270526 0.0270526 0.0231247 0.0231089 0.0270279 0.0231071 0.0038062 0.0038062 0.0231247 0.0038062 
20930      0.0114945 0.0192537 0.0153655 0.0076483 0.0154177 0.0270526 0.0000000 0.0000010 0.0038016 0.0192444 0.0231511 0.0192431 0.0310020 0.0310020 0.0038158 0.0310020 
20905      0.0114945 0.0192537 0.0153655 0.0076483 0.0154177 0.0270526 0.0000010 0.0000000 0.0038158 0.0192444 0.0231511 0.0192431 0.0310020 0.0310020 0.0038158 0.0310020 
20974      0.0076434 0.0153611 0.0114923 0.0114945 0.0115318 0.0231247 0.0038016 0.0038158 0.0000000 0.0153536 0.0192398 0.0153527 0.0270526 0.0270526 0.0000010 0.0270526 
15         0.0076370 0.0076393 0.0038103 0.0114866 0.0038233 0.0231089 0.0192444 0.0192444 0.0153536 0.0000000 0.0114818 0.0076353 0.0270343 0.0270343 0.0153536 0.0270343 
82         0.0114839 0.0038120 0.0076393 0.0153536 0.0076655 0.0270279 0.0231511 0.0231511 0.0192398 0.0114818 0.0000000 0.0114812 0.0309741 0.0309741 0.0192398 0.0309741 
20         0.0076367 0.0076391 0.0038102 0.0114861 0.0038232 0.0231071 0.0192431 0.0192431 0.0153527 0.0076353 0.0114812 0.0000000 0.0270320 0.0270320 0.0153527 0.0270320 
11253      0.0192227 0.0270471 0.0231254 0.0231301 0.0232055 0.0038062 0.0310020 0.0310020 0.0270526 0.0270343 0.0309741 0.0270320 0.0000000 0.0076328 0.0270526 0.0076328 
15285      0.0192227 0.0270471 0.0231254 0.0231301 0.0232055 0.0038062 0.0310020 0.0310020 0.0270526 0.0270343 0.0309741 0.0270320 0.0076328 0.0000000 0.0270526 0.0076328 
20922      0.0076434 0.0153611 0.0114923 0.0114945 0.0115318 0.0231247 0.0038158 0.0038158 0.0000010 0.0153536 0.0192398 0.0153527 0.0270526 0.0270526 0.0000000 0.0270526 
3419       0.0192227 0.0270471 0.0231254 0.0231301 0.0232055 0.0038062 0.0310020 0.0310020 0.0270526 0.0270343 0.0309741 0.0270320 0.0076328 0.0076328 0.0270526 0.0000000 
